-0.0018934842 112 1e-10 8.570614554e-11
-0.0272717928 114 1e-10 6.570411986e-11
-0.0292680934 114 1e-10 5.797216346e-11
-0.0557149995 100 1e-09 9.654800583e-10
0.0583387878 102 1e-09 9.927008628e-10
-0.0646823104 114 1e-10 9.522439336e-11
0.0663974222 112 1e-10 9.988407582e-11
0.0668053365 104 1e-09 8.689153635e-10
-0.0778173224 102 1e-09 9.993081599e-10
-0.0903472142 114 1e-10 7.3050219e-11
0.1070816513 104 1e-09 7.76881263e-10
-0.1106034443 114 1e-10 9.924611264e-11
-0.1168117589 114 1e-10 3.285639194e-11
-0.1235053674 112 1e-10 7.076432415e-12
0.1243960745 102 1e-09 9.685541234e-10
-0.1300945581 102 1e-09 9.882575544e-10
0.1349081103 114 1e-10 5.619228251e-11
0.1448508039 116 1e-10 5.96405737e-11
-0.1553199489 114 1e-10 9.965940535e-11
0.1560975371 114 1e-10 9.717582919e-11
-0.1619155440 114 1e-10 3.176322975e-11
-0.1966178037 112 1e-10 3.728153297e-11
0.2033261222 114 1e-10 2.982227727e-11
0.2065567836 112 1e-10 9.982823821e-11
0.2138616649 104 1e-09 8.770516965e-10
0.2171079852 104 1e-09 7.912744637e-10
-0.2461173454 112 1e-10 9.96388138e-11
0.2645914176 114 1e-10 6.993536643e-11
0.3261735971 116 1e-10 8.785513437e-11
0.3262712615 102 1e-09 9.989111567e-10
0.3287470827 114 1e-10 7.361509367e-11
0.3381927451 114 1e-10 9.987502747e-11
-0.3406429910 114 1e-10 7.945142384e-11
0.3411210033 102 1e-09 9.926893715e-10
-0.3494376409 112 1e-10 4.03599079e-11
0.3516725686 112 1e-10 9.510717318e-11
-0.3535134266 112 1e-10 2.589973803e-11
0.3536837944 110 1e-10 9.914168509e-11
-0.3548929008 114 1e-10 8.851631494e-11
0.3798035502 102 1e-09 9.36916259e-10
0.3808302746 112 1e-10 6.496458578e-11
-0.3811928085 100 1e-09 7.13403501e-10
-0.3877790749 112 1e-10 2.911437783e-11
0.3921032242 110 1e-10 8.059036959e-11
0.3974637210 98 1e-09 9.830884591e-10
-0.4009371371 112 1e-10 9.862207801e-11
0.4017304302 100 1e-09 9.996117674e-10
-0.4147349354 104 1e-09 6.18285675e-10
0.4170684192 114 1e-10 9.947883282e-11
0.4222045118 114 1e-10 6.200321374e-11
0.4353520463 114 1e-10 9.845973988e-11
0.4690780298 114 1e-10 8.449527115e-11
0.4776677757 114 1e-10 9.938722282e-11
-0.4921459938 114 1e-10 5.3452504e-11
0.4992018637 114 1e-10 5.384081937e-11
0.5029439968 104 1e-09 9.279632153e-10
-0.5065932771 104 1e-09 9.123042365e-10
-0.5066208623 100 1e-09 6.811641073e-10
-0.5135414131 102 1e-09 9.695536955e-10
0.5197537574 110 1e-10 7.400131111e-11
0.5247948142 102 1e-09 8.452448726e-10
-0.5322658858 116 1e-10 3.392621712e-11
-0.5706507261 114 1e-10 4.763518287e-11
-0.5818542835 104 1e-09 5.011067933e-10
-0.5831649857 112 1e-10 9.650661035e-11
-0.5835840972 102 1e-09 9.750821071e-10
0.5851355697 112 1e-10 9.935579157e-11
-0.5937158090 112 1e-10 6.864887887e-11
-0.6069841856 114 1e-10 9.98938753e-11
0.6079247772 102 1e-09 9.767113299e-10
-0.6207529001 112 1e-10 9.940200665e-11
0.6252662262 100 1e-09 7.888205218e-10
-0.6256491559 114 1e-10 7.7815352e-11
0.6444133268 100 1e-09 8.815783693e-10
0.6750758431 114 1e-10 7.922725419e-11
0.6758098100 114 1e-10 8.100271672e-11
-0.6919477755 102 1e-09 9.836398181e-10
0.7006119623 112 1e-10 9.915519647e-11
-0.7019041986 104 1e-09 7.090767155e-10
-0.7023419088 100 1e-09 9.130110674e-10
-0.7041798017 114 1e-10 6.963137168e-11
0.7052969515 102 1e-09 9.703671294e-10
0.7176534064 116 1e-10 7.711924369e-11
0.7243765068 102 1e-09 6.866578557e-10
0.7392709683 104 1e-09 7.740574118e-10
-0.7401679295 112 1e-10 9.980136264e-11
-0.7525139914 110 1e-10 9.971871039e-11
0.7603230798 104 1e-09 9.952545845e-10
-0.7690120869 116 1e-10 9.715924213e-11
0.7743133201 112 1e-10 9.707517744e-11
-0.7751532659 110 1e-10 9.904662957e-11
0.7866597415 104 1e-09 9.711659971e-10
0.8130452708 116 1e-10 7.179428179e-11
-0.8219987333 112 1e-10 2.854961669e-11
0.8552421214 102 1e-09 9.207857883e-10
-0.8694772757 104 1e-09 5.486197712e-10
-0.8721189693 112 1e-10 9.976132342e-11
-0.8791387359 102 1e-09 8.377540084e-10
-0.9119806512 114 1e-10 7.871908949e-11
-0.9126872682 110 1e-10 7.768928813e-11
-0.9210527029 102 1e-09 4.518476683e-10
0.9225868586 102 1e-09 9.797097654e-10
-0.9278142817 116 1e-10 6.756007468e-11
0.9291931906 102 1e-09 6.56404312e-10
0.9452979556 100 1e-09 9.854141283e-10
-0.9754162548 100 1e-09 9.926322127e-10
-1.0060014902 114 1e-10 1.700861652e-11
1.0085133763 102 1e-09 9.95720989e-10
-1.0118528382 102 1e-09 6.818997933e-10
1.0456031633 102 1e-09 9.964119608e-10
-1.0522797803 116 1e-10 9.887980513e-11
1.0656782332 116 1e-10 9.939838241e-11
-1.0695292214 102 1e-09 9.948341352e-10
-1.0854990721 114 1e-10 9.662334984e-11
-1.0988606550 114 1e-10 6.048102738e-11
1.1127566474 112 1e-10 7.631257857e-11
-1.1246145158 102 1e-09 9.835132186e-10
1.1287355114 102 1e-09 9.949503127e-10
1.1420387210 102 1e-09 3.695102004e-10
1.1533212304 102 1e-09 8.800977388e-10
-1.1621751889 100 1e-09 9.98010732e-10
-1.1680030244 114 1e-10 9.026636715e-11
1.1750897525 102 1e-09 9.696340935e-11
-1.1797001775 102 1e-09 5.066370663e-10
1.1805737631 114 1e-10 7.423204742e-11
1.2360980108 102 1e-09 9.939819261e-10
-1.2387738408 112 1e-10 9.982632631e-11
-1.2546175901 114 1e-10 3.36230994e-11
1.2670655852 114 1e-10 1.109489746e-11
1.2958207951 112 1e-10 9.799469264e-11
1.3099235096 112 1e-10 9.999547536e-11
1.3122007723 114 1e-10 4.049956879e-11
-1.3239728704 114 1e-10 9.937765663e-11
-1.3313881845 112 1e-10 9.981151859e-11
-1.3436858549 100 1e-09 9.604138124e-10
-1.3461719032 102 1e-09 9.932588808e-10
1.3720728146 112 1e-10 6.642115463e-11
1.3805009422 114 1e-10 3.357266997e-11
-1.4049298111 112 1e-10 9.921105493e-11
1.4093304669 112 1e-10 4.85524801e-11
-1.4426242632 112 1e-10 4.63389651e-11
1.4459850680 114 1e-10 7.30100708e-11
-1.4523061497 112 1e-10 4.460816377e-11
1.4752757652 102 1e-09 8.102909231e-10
-1.4936129239 112 1e-10 9.838314015e-11
1.5022909723 114 1e-10 9.965019884e-11
1.5043504918 102 1e-09 9.938294671e-10
1.5158934494 110 1e-10 9.993477252e-11
-1.5303117784 112 1e-10 5.364059217e-11
1.5499317200 114 1e-10 9.996220048e-11
-1.5624691213 108 1e-10 7.812014701e-11
1.5642755508 110 1e-10 4.941100273e-11
1.5664174976 116 1e-10 9.04497345e-11
-0.0015388949 56 0.0001 9.306172675e-05
-0.0020976394 16 0.1 0.08074097875
0.0029409667 16 0.1 0.08352328163
0.0038074707 72 1e-06 9.534289453e-07
0.0129016690 92 1e-08 4.216373643e-09
-0.0208054366 60 1e-05 9.231797126e-06
-0.0209645856 110 1e-10 4.716693502e-11
-0.0215158599 14 0.1 0.09281613989
0.0215469836 68 1e-06 9.984074679e-07
-0.0238040673 4 1 0.9429425874
0.0239986357 104 1e-09 6.077204846e-10
0.0270412212 4 1 0.9429813752
-0.0294555507 70 1e-06 7.559290189e-07
-0.0301132366 92 1e-08 1.85797936e-09
-0.0321993560 28 0.01 0.009360693801
-0.0338349008 92 1e-08 9.986259624e-09
-0.0358141035 28 0.01 0.00952694932
-0.0358377643 4 1 0.943111708
-0.0369910467 46 0.0001 3.381840858e-05
0.0413579218 4 1 0.9432121045
-0.0422774152 102 1e-09 9.986619976e-10
0.0437371664 14 0.1 0.09423488225
0.0466477223 68 1e-06 2.619387967e-07
0.0515073434 80 1e-07 8.447207472e-08
0.0524104209 80 1e-07 6.408886465e-09
-0.0562632181 58 1e-05 7.442355049e-06
-0.0564691759 82 1e-07 8.898386469e-08
0.0573779721 80 1e-07 8.299058423e-08
-0.0596480802 28 0.01 0.002063977969
0.0615413123 70 1e-06 9.742808973e-07
-0.0618741450 46 0.0001 9.63751558e-05
-0.0625413899 60 1e-05 3.37033485e-06
-0.0628692525 26 0.01 0.009135615583
-0.0629468277 70 1e-06 8.291649164e-07
0.0642521743 4 1 0.9437815159
0.0652504090 26 0.01 0.008531612737
-0.0655337439 102 1e-09 9.94867367e-10
-0.0681785078 14 0.1 0.0713217591
-0.0685129732 68 1e-06 6.797112454e-07
0.0700996191 14 0.1 0.09241501091
-0.0708808906 68 1e-06 9.038272815e-07
0.0767302464 36 0.001 0.0005563103275
0.0770107654 56 1e-05 8.054993301e-06
0.0771677207 4 1 0.9442113978
-0.0814153915 56 1e-05 8.887374887e-06
0.0829359771 34 0.001 0.000819535149
0.0830082452 80 1e-07 8.092028592e-08
-0.0849394905 70 1e-06 5.74556672e-07
0.0854176957 92 1e-08 9.122206007e-09
0.0856136261 90 1e-08 9.88520211e-09
-0.0856756727 84 1e-08 9.426392835e-09
0.0888097694 38 0.001 0.0008082940038
0.0892096332 14 0.1 0.09342407877
-0.0899300964 58 1e-05 7.406598613e-06
-0.0901951823 84 1e-08 8.9551769e-09
0.0989300680 14 0.1 0.09467484269
-0.0994307094 90 1e-08 9.595806368e-09
0.1017308287 66 1e-06 9.74471298e-07
-0.1037655063 104 1e-09 9.992016265e-10
-0.1038167633 70 1e-06 8.090300816e-07
0.1044721611 38 0.001 0.0009543872138
0.1086178663 38 0.001 0.0008587806184
0.1091035085 26 0.01 0.008735306175
0.1092632953 34 0.001 0.0007724162895
0.1094070332 26 0.01 0.008528054021
0.1094329774 4 1 0.9456267972
0.1166482166 70 1e-06 9.792704107e-07
-0.1179306602 92 1e-08 8.640625869e-09
-0.1202823610 14 0.1 0.0609774264
-0.1202927297 26 0.01 0.003082226055
-0.1203460076 68 1e-06 3.420386317e-07
-0.1213907359 14 0.1 0.06098039186
0.1256707941 102 1e-09 4.130369657e-10
0.1291095094 48 0.0001 8.425120617e-05
0.1295829408 58 1e-05 6.500915401e-06
-0.1299932440 14 0.1 0.06134463582
0.1310102667 26 0.01 0.008766683842
0.1356556902 68 1e-06 8.040364678e-07
0.1369191415 44 0.0001 9.903384382e-05
0.1395009953 58 1e-05 9.705290742e-06
-0.1399108647 92 1e-08 9.805254523e-09
0.1437158014 82 1e-07 9.907974737e-08
-0.1470128193 14 0.1 0.06379064815
-0.1489926042 60 1e-05 6.49132885e-06
0.1538651048 80 1e-07 9.045300446e-08
-0.1545236198 14 0.1 0.06554687932
-0.1556330558 14 0.1 0.06583862558
-0.1561557623 80 1e-07 5.560461928e-08
0.1592145279 46 0.0001 7.99420637e-05
-0.1621268488 36 0.001 0.000453955885
0.1622944733 68 1e-06 9.054492849e-07
0.1628201946 112 1e-10 4.358935583e-11
-0.1636353521 82 1e-07 7.808964488e-08
-0.1646589771 76 1e-07 6.387859329e-08
-0.1658702117 34 0.001 0.0009930074426
0.1686476154 14 0.1 0.06982999288
0.1691191648 82 1e-07 9.270271758e-08
0.1705102033 70 1e-06 6.296423104e-07
-0.1712682435 82 1e-07 8.060328852e-08
-0.1718173535 58 1e-05 9.290992351e-06
-0.1725715320 14 0.1 0.07122289415
-0.1790418568 14 0.1 0.07369038544
-0.1790460223 36 0.001 0.0009470967549
0.1838550781 58 1e-05 5.758964594e-06
0.1858722324 14 0.1 0.07650572638
0.1863295211 54 1e-05 5.205282116e-06
0.1873126214 46 0.0001 5.847445537e-05
-0.1896284071 36 0.001 0.0008783663717
-0.1899591796 36 0.001 0.0009669739541
-0.1902529732 46 0.0001 7.53917639e-05
-0.1950826673 68 1e-06 8.721924391e-07
-0.1955856386 92 1e-08 9.688830353e-09
-0.1955856386 68 1e-06 6.350037257e-07
0.1969309817 60 1e-05 9.040890971e-06
-0.1979693673 4 1 0.9519943699
-0.1983223596 42 0.0001 9.977812178e-05
0.1989673592 38 0.001 0.000851507726
-0.1990962113 4 1 0.9520986357
-0.2009428369 14 0.1 0.08337247776
0.2016501030 92 1e-08 9.392345432e-09
0.2021408699 36 0.001 0.0008863373504
0.2031623551 58 1e-05 5.877268685e-06
-0.2043959766 92 1e-08 9.625289697e-09
0.2059456584 4 1 0.9527448417
-0.2067834050 4 1 0.9528253423
-0.2142262767 36 0.001 0.0008991417608
-0.2164735783 58 1e-05 6.365669496e-06
-0.2166954699 70 1e-06 9.472153468e-07
-0.2168546798 46 0.0001 9.857963876e-05
-0.2183568675 4 1 0.9539700389
0.2226568529 26 0.01 0.007570992581
-0.2238942352 26 0.01 0.00254884181
-0.2243580618 82 1e-07 9.054197708e-08
-0.2263343432 26 0.01 0.003694163423
-0.2264555695 14 0.1 0.09657370259
0.2308985843 26 0.01 0.00858010768
-0.2310836479 38 0.001 0.0009791732325
0.2320345280 4 1 0.9554009417
-0.2331607932 90 1e-08 4.118581503e-09
-0.2355095952 48 0.0001 5.764575319e-05
-0.2368159654 70 1e-06 9.985972512e-07
0.2374065127 26 0.01 0.006052638973
-0.2414617210 26 0.01 0.009114209722
-0.2466109507 4 1 0.9570185053
-0.2497111044 46 0.0001 5.655256112e-05
0.2533173189 46 0.0001 9.022235483e-05
0.2539496145 48 0.0001 9.237155444e-05
0.2560975608 4 1 0.9581223292
0.2581528187 90 1e-08 4.560537565e-09
0.2583154923 36 0.001 0.0004675038234
-0.2594850089 74 1e-06 9.647876409e-07
-0.2595038782 70 1e-06 6.358758835e-07
-0.2607477189 24 0.01 0.009679894206
-0.2626200874 36 0.001 0.0004344217636
0.2627339742 14 0.1 0.0936598384
-0.2712279683 4 1 0.9599657251
-0.2726103755 48 0.0001 8.194837125e-05
0.2728406966 70 1e-06 9.363666839e-07
-0.2732943489 56 1e-05 9.55519438e-06
-0.2785373121 92 1e-08 7.544548719e-09
0.2787402527 80 1e-07 6.506899622e-08
-0.2799310603 14 0.1 0.08480443962
-0.2803484342 4 1 0.9611258761
-0.2838255012 36 0.001 0.000889433268
0.2855722152 82 1e-07 6.658747979e-08
0.2855722152 60 1e-05 6.878642843e-06
-0.2857522234 4 1 0.9618305517
-0.2859204520 46 0.0001 9.982732735e-05
0.2871427932 102 1e-09 9.685079788e-10
0.2883930094 92 1e-08 9.442933709e-09
0.2883930094 4 1 0.9621795897
0.2916581795 14 0.1 0.09635052779
-0.2917229473 4 1 0.9626240761
0.2951026612 36 0.001 0.0008937842989
0.2958696242 80 1e-07 2.498558918e-08
-0.2959482693 60 1e-05 7.903526182e-06
-0.2972451279 78 1e-07 8.51599396e-08
-0.2981504155 54 1e-05 8.553163557e-06
0.2992899929 46 0.0001 7.074005874e-05
-0.3005713290 104 1e-09 7.132039665e-10
-0.3018748820 26 0.01 0.006291890433
0.3021764877 4 1 0.9640509579
0.3038403790 26 0.01 0.005853752551
0.3092328211 92 1e-08 8.02289697e-09
0.3093568987 70 1e-06 9.311486022e-07
0.3121197732 92 1e-08 8.977623662e-09
-0.3131076065 4 1 0.9655939577
-0.3165455661 14 0.1 0.09864088037
-0.3206351517 14 0.1 0.09766821267
-0.3207697304 48 0.0001 9.327671729e-05
-0.3238514892 22 0.01 0.009033498371
-0.3244905432 80 1e-07 5.080147716e-08
-0.3327824885 80 1e-07 3.987190286e-08
-0.3366377685 92 1e-08 8.098556266e-09
0.3369495644 4 1 0.9691386134
0.3381827847 80 1e-07 9.767036967e-08
0.3385106416 68 1e-06 9.496042358e-07
-0.3399939829 48 0.0001 7.745374205e-05
0.3409661589 84 1e-07 7.32389863e-08
0.3411476297 88 1e-08 9.596712173e-09
0.3419998390 14 0.1 0.07239280131
0.3443874685 70 1e-06 2.766636064e-07
-0.3457729012 24 0.01 0.009004790602
0.3469369612 60 1e-05 5.634212722e-06
-0.3509723706 48 0.0001 8.805596109e-05
-0.3516639315 48 0.0001 8.706322403e-05
0.3521324255 58 1e-05 9.887598192e-06
0.3557597651 34 0.001 0.0009039253329
0.3570528062 92 1e-08 7.907118905e-09
0.3585500214 92 1e-08 9.998858666e-09
0.3590142184 24 0.01 0.009222368857
-0.3616794819 14 0.1 0.09245144929
-0.3626244131 24 0.01 0.009570850568
-0.3634927981 94 1e-08 5.918115162e-09
0.3649084158 82 1e-07 7.507880304e-08
0.3654603094 4 1 0.9736962825
-0.3684852779 82 1e-07 8.243425164e-08
-0.3694319399 26 0.01 0.005953520232
-0.3721061262 14 0.1 0.09253751353
0.3729756258 78 1e-07 9.479615552e-08
-0.3745572917 78 1e-07 7.941939945e-08
-0.3789934674 14 0.1 0.09291518343
-0.3797430921 90 1e-08 9.985833941e-09
0.3841937268 82 1e-07 9.44777465e-08
-0.3920529972 58 1e-05 9.135295081e-06
0.3921032242 68 1e-06 6.053945482e-07
0.3949508527 62 1e-05 9.781085479e-06
0.3959487496 36 0.001 0.000989978084
0.3968721335 34 0.001 0.0008590244833
0.3973635157 36 0.001 0.0008158666339
0.3990585745 22 0.01 0.009034233196
-0.4023049251 36 0.001 0.000944396964
0.4034243319 50 0.0001 4.22368438e-05
0.4051896890 14 0.1 0.0612385032
0.4052027539 92 1e-08 4.287600054e-09
-0.4053459981 82 1e-07 9.88102164e-08
-0.4060333889 104 1e-09 4.570948853e-10
-0.4061948927 22 0.01 0.007313668291
0.4065121935 68 1e-06 9.567735236e-07
-0.4066395443 56 1e-05 7.792065698e-06
-0.4068161102 4 1 0.9809132951
0.4070987970 68 1e-06 7.229090842e-07
-0.4086578438 48 0.0001 7.014756697e-05
-0.4117743121 34 0.001 0.0006063973299
-0.4125246747 48 0.0001 7.675631332e-05
-0.4137225790 56 1e-05 8.94290314e-06
-0.4167511784 22 0.01 0.00766035352
-0.4174096331 38 0.001 0.0008713243288
0.4186638154 58 1e-05 8.98793376e-06
-0.4207462349 104 1e-09 3.241963051e-10
0.4210189565 14 0.1 0.0632601586
-0.4218702782 4 1 0.983715319
-0.4240306674 4 1 0.9841249919
-0.4244829366 14 0.1 0.07475613747
0.4247286999 70 1e-06 4.748168589e-07
0.4269602886 70 1e-06 7.788685543e-07
-0.4281020453 90 1e-08 9.019206885e-09
0.4289956303 14 0.1 0.0649890489
0.4296869489 92 1e-08 8.334825918e-09
0.4303628338 24 0.01 0.004889471252
0.4305393699 70 1e-06 5.856533743e-07
0.4309317370 14 0.1 0.06547507332
0.4321999559 44 0.0001 9.449923848e-05
-0.4379975246 92 1e-08 7.796945964e-09
0.4392080432 60 1e-05 7.147595632e-06
-0.4405294925 44 0.0001 7.66445078e-05
0.4451665974 80 1e-07 3.637178577e-08
0.4475569496 104 1e-09 9.675962053e-10
0.4477898560 92 1e-08 9.966287802e-09
-0.4480516888 58 1e-05 9.484258131e-06
-0.4541474198 58 1e-05 9.824316797e-06
-0.4556501764 46 0.0001 9.629058287e-05
0.4580704162 4 1 0.9908274563
-0.4598864838 68 1e-05 5.130632051e-06
0.4605806660 26 0.01 0.009057712122
-0.4606898045 38 0.001 0.0008012605764
0.4615381362 104 1e-09 6.82080223e-10
-0.4640123895 48 0.0001 6.74982496e-05
-0.4669864613 46 0.0001 8.537814605e-05
0.4674779416 66 1e-06 9.363138365e-07
0.4713839251 100 1e-09 9.98601821e-10
-0.4725033341 14 0.1 0.09836624581
0.4766049043 14 0.1 0.08288062034
-0.4768784404 82 1e-07 8.885014459e-08
0.4815258573 36 0.001 0.0009547574182
0.4827869538 58 1e-05 7.332639122e-06
0.4829951748 48 0.0001 5.281928229e-05
-0.4841781051 92 1e-08 3.864473702e-09
-0.4842920556 46 0.0001 6.317014683e-05
0.4843465580 4 1 0.9963148324
-0.4856781114 48 0.0001 9.469169441e-05
-0.4872036169 32 0.001 0.0009383311899
0.4881550755 80 1e-07 9.220017446e-08
-0.4915075957 26 0.01 0.008819253962
-0.4944618019 36 0.001 0.0009763713306
-0.4967697052 26 0.01 0.002690669217
0.4970951427 34 0.001 0.0009205050836
0.4992021443 92 1e-08 8.491818099e-09
0.4997740639 68 1e-06 9.79224449e-07
-0.5000664617 34 0.001 0.0007911129513
0.5066016925 6 1 0.8577140526
-0.5104001459 104 1e-09 9.134182104e-10
0.5119227741 16 0.1 0.09434553329
0.5143743650 48 0.0001 7.480912135e-05
-0.5152032227 92 1e-08 9.098871182e-09
-0.5192329005 58 1e-05 9.594722525e-06
0.5242528543 56 1e-05 8.404464927e-06
0.5243815476 100 1e-09 4.60748792e-10
-0.5250183712 26 0.01 0.00653834095
0.5286667043 46 0.0001 5.028922633e-05
-0.5288166767 34 0.001 0.0007126998545
-0.5291251544 48 0.0001 7.57375836e-05
0.5293291184 82 1e-07 4.905292518e-08
-0.5306821511 46 0.0001 7.923472772e-05
0.5314551492 32 0.001 0.000913861361
0.5314551492 22 0.01 0.008661522731
0.5325783607 32 0.001 0.0009341372668
0.5341363890 48 0.0001 7.329375474e-05
-0.5353555202 14 0.1 0.09585831581
-0.5417454576 92 1e-08 9.900028192e-09
-0.5422509275 22 0.01 0.008792148942
-0.5422714928 92 1e-08 5.666808976e-09
-0.5424693473 14 0.1 0.0920347642
0.5429634926 46 0.0001 6.666949316e-05
0.5432168124 6 1 0.8561584415
0.5457226025 22 0.01 0.009608775153
0.5462308375 6 1 0.8560600389
0.5472427988 32 0.001 0.0008941490651
0.5494014028 58 1e-05 8.561127167e-06
0.5510111143 82 1e-07 4.655046973e-08
-0.5523058244 90 1e-08 9.760310529e-09
0.5523582525 24 0.01 0.004978819206
-0.5534670694 46 0.0001 7.564823814e-05
0.5537038784 34 0.001 0.0007419115064
0.5565714028 92 1e-08 7.721511169e-09
0.5577636062 6 1 0.8557252608
-0.5595953178 58 1e-05 9.597580465e-06
0.5610100522 6 1 0.8556429691
-0.5616244636 34 0.001 0.0006760747082
-0.5617593903 14 0.1 0.08231999001
0.5622085977 24 0.01 0.006594915804
0.5658349113 24 0.01 0.008798342261
0.5659545465 58 1e-05 7.360725267e-06
-0.5673435453 24 0.01 0.008802396088
0.5674712500 48 0.0001 2.778615575e-05
0.5731611038 58 1e-05 9.750051507e-06
0.5738835750 14 0.1 0.07682559879
-0.5794094642 34 0.001 0.0008724345532
-0.5822362052 92 1e-08 8.70892696e-09
0.5824800145 14 0.1 0.07328818538
0.5829613859 6 1 0.8552244384
-0.5830088366 102 1e-09 9.96949482e-10
0.5831747645 46 0.0001 9.540122777e-05
-0.5837979092 70 1e-06 8.38689971e-07
0.5842734961 80 1e-07 8.183112174e-08
0.5857236367 92 1e-08 8.168870417e-09
0.5894724978 26 0.01 0.006673108069
-0.5895696597 82 1e-07 8.21113622e-08
0.5933096919 88 1e-08 9.545806025e-09
-0.5943527018 104 1e-09 2.183190046e-10
-0.5972129340 6 1 0.9033485562
-0.5972277932 48 0.0001 7.923918584e-05
-0.5977152518 90 1e-08 8.154112316e-09
0.5982857839 46 0.0001 8.29630312e-05
0.6033404872 58 1e-05 1.440311541e-06
0.6103026961 90 1e-08 7.157185229e-09
0.6127249905 80 1e-07 4.581367551e-08
0.6157177171 6 1 0.8550471893
-0.6182354188 68 1e-06 7.785507922e-07
-0.6219524418 100 1e-09 9.791388258e-10
0.6245683305 60 1e-05 9.967122296e-06
0.6248572733 36 0.001 0.0004858671161
0.6260369360 58 1e-05 9.858017945e-06
0.6264836281 48 0.0001 9.725167921e-05
-0.6283016554 88 1e-08 5.348370499e-09
-0.6314714609 38 0.001 0.0007865351679
0.6316902853 36 0.001 0.0009205549047
-0.6320829645 82 1e-07 7.298121897e-08
0.6321590008 56 1e-05 7.223521942e-06
-0.6324179216 36 0.001 0.0007515277964
0.6324417782 46 0.0001 5.416866194e-05
0.6326027705 80 1e-07 3.261725311e-08
0.6339719694 92 1e-08 9.782797753e-09
-0.6350206391 58 1e-05 9.632278201e-06
0.6355561667 24 0.01 0.009031491514
-0.6376292840 68 1e-06 9.445542905e-07
-0.6427878711 6 1 0.9133215912
0.6449410667 56 1e-05 8.455293119e-06
0.6461361910 48 0.0001 4.93476297e-05
-0.6479411385 54 1e-05 9.832556789e-06
0.6486881927 26 0.01 0.009545912737
-0.6495371370 36 0.001 0.0009486235234
0.6510400076 90 1e-08 9.914273541e-09
0.6560803393 72 1e-06 4.671830053e-07
0.6560803393 14 0.1 0.06202879174
0.6640531232 6 1 0.8557642668
-0.6645966208 70 1e-06 4.097376725e-07
0.6649768810 68 1e-06 9.330678016e-07
-0.6650425593 46 0.0001 9.618872385e-05
-0.6651305312 26 0.01 0.009320078121
0.6652372943 46 0.0001 9.856587804e-05
0.6682513400 68 1e-06 8.012520119e-07
-0.6698983200 94 1e-08 9.622415699e-09
0.6717214603 48 0.0001 4.1841806e-05
0.6745739396 44 0.0001 7.541780051e-05
-0.6757216525 36 0.001 0.0007453721364
0.6780586243 80 1e-07 9.243176647e-08
0.6792806804 26 0.01 0.007214485057
0.6813758267 102 1e-09 5.258452018e-10
0.6826373639 26 0.01 0.008085537259
0.6828068862 26 0.01 0.008082114898
0.6852227242 86 1e-08 8.777408457e-09
0.6914256778 48 0.0001 3.155071449e-05
-0.6941105187 14 0.1 0.07198492537
0.6968872481 36 0.001 0.0008705556312
-0.6976487694 82 1e-07 9.889854104e-08
0.7026523055 6 1 0.8571726329
0.7047244317 90 1e-08 7.608499962e-09
0.7086991560 60 1e-05 5.357222443e-06
0.7130615006 14 0.1 0.07991380164
-0.7139054371 6 1 0.9906712811
0.7157152799 6 1 0.8578166196
-0.7180222128 104 1e-09 5.996092091e-10
-0.7180222128 58 1e-05 3.15754578e-06
-0.7201059220 36 0.001 0.0009748500141
0.7208257852 92 1e-08 9.935566974e-09
0.7211560140 68 1e-06 9.807655392e-07
-0.7218891515 82 1e-07 9.561414557e-08
0.7242455366 48 0.0001 7.376173948e-05
0.7288097990 64 1e-06 6.519149856e-07
0.7305807423 34 0.001 0.0006546574545
-0.7318218534 92 1e-08 6.44691711e-09
-0.7318218534 14 0.1 0.08906076947
-0.7328389494 36 0.001 0.0006913730208
-0.7328389494 14 0.1 0.08958604606
-0.7364909182 70 1e-06 5.295191351e-07
0.7388346432 34 0.001 0.0007476372945
0.7416911760 14 0.1 0.09426554699
-0.7425788359 80 1e-07 7.281181569e-08
0.7432543331 104 1e-09 2.704945524e-10
0.7458334804 26 0.01 0.005935490565
0.7463888414 46 0.0001 6.668437298e-05
0.7484361544 90 1e-08 9.837492616e-09
0.7484361544 82 1e-07 9.48748736e-08
0.7496837704 14 0.1 0.0986406575
0.7502923291 36 0.001 0.0008203968357
0.7523084150 36 0.001 0.0005661027189
0.7550641330 46 0.0001 9.616770066e-05
-0.7551606228 16 0.1 0.05856349681
-0.7557011261 68 1e-06 9.910556473e-07
0.7611023362 94 1e-08 2.630080718e-09
-0.7612922199 80 1e-07 8.966137416e-08
0.7623064445 72 1e-06 5.767131863e-07
0.7644714436 70 1e-06 5.89578618e-07
-0.7660821152 70 1e-06 7.511945312e-07
0.7666937945 104 1e-09 5.562730034e-10
0.7676739003 16 0.1 0.09071247811
-0.7709928737 46 0.0001 8.529181646e-05
0.7727876123 58 1e-05 8.870514317e-06
-0.7731085236 68 1e-06 9.912615532e-07
0.7739604478 36 0.001 0.0009548965976
-0.7771545877 80 1e-07 9.415431827e-08
0.7788305258 92 1e-08 9.974641252e-09
-0.7791087101 6 1 0.9701883927
0.7806371626 100 1e-09 9.905701222e-10
-0.7811940977 90 1e-08 9.917490177e-09
-0.7828402971 24 0.01 0.009136640894
0.7835779148 80 1e-07 3.168607803e-08
0.7841180267 46 0.0001 9.488790584e-05
0.7851159209 24 0.01 0.005694003069
-0.7862237992 82 1e-07 3.951036907e-08
-0.7967987436 54 1e-05 6.200789474e-06
0.7970360812 66 1e-06 9.89257992e-07
-0.7991042089 70 1e-06 5.397882112e-07
0.8050283396 90 1e-08 6.856075675e-09
0.8051102362 72 1e-06 9.603659492e-07
-0.8052992119 6 1 0.9623355899
-0.8075840485 36 0.001 0.0008276248032
0.8086408102 6 1 0.864814001
-0.8139905782 6 1 0.9597789699
0.8170299853 80 1e-07 9.944780572e-08
-0.8182202739 80 1e-07 9.094609224e-08
-0.8198871212 104 1e-09 8.984715028e-10
-0.8200457753 46 0.0001 9.70024815e-05
-0.8222656492 48 0.0001 5.97357024e-05
-0.8244355665 24 0.01 0.005538689194
-0.8253828469 80 1e-07 7.236377701e-08
-0.8267842710 56 1e-05 6.689732363e-06
-0.8292836027 56 1e-05 8.931312272e-06
0.8296930828 84 1e-07 9.854250274e-08
-0.8301224518 6 1 0.9551001379
0.8344964217 92 1e-08 6.655939619e-09
0.8367057768 58 1e-05 9.689164852e-06
0.8387458406 58 1e-05 8.602817723e-06
0.8404761277 58 1e-05 7.83366604e-06
0.8455773461 26 0.01 0.007287952577
0.8476469577 58 1e-05 8.530401546e-06
-0.8477484269 26 0.01 0.008591399819
-0.8512718981 36 0.001 0.0009420996932
-0.8525113120 82 1e-07 6.884342953e-08
-0.8537149169 16 0.1 0.09435774119
-0.8546609637 48 0.0001 8.586489772e-05
-0.8558837019 58 1e-05 8.392360977e-06
-0.8581075281 6 1 0.9471924341
-0.8584817110 16 0.1 0.09711780448
-0.8593307599 16 0.1 0.09657499792
-0.8599039693 48 0.0001 9.987406776e-05
0.8618601765 102 1e-09 4.135262033e-10
0.8624575804 52 1e-05 8.574675318e-06
0.8641119661 90 1e-08 9.979740349e-09
-0.8677909272 60 1e-05 6.475875191e-06
-0.8692544279 80 1e-07 8.05340187e-08
0.8694245907 102 1e-09 7.395437799e-10
-0.8713531411 60 1e-05 3.764276451e-06
-0.8748182271 102 1e-09 6.904824291e-10
-0.8813508426 58 1e-05 8.172863681e-06
-0.8820516445 104 1e-09 4.43069094e-10
0.8833581751 78 1e-07 8.776229911e-08
0.8860846277 100 1e-09 8.568630379e-10
-0.8881355030 100 1e-09 8.960452729e-10
0.8885185820 16 0.1 0.05926777213
-0.8908318736 16 0.1 0.07703583838
0.8909775017 80 1e-07 9.886359657e-08
-0.8953459842 16 0.1 0.07436113551
0.8982285576 102 1e-09 9.995877891e-10
0.8985103492 112 1e-10 9.981020586e-11
-0.8986344595 36 0.001 0.0006576999673
0.8995341162 6 1 0.8756676924
0.8995837495 92 1e-08 9.887094915e-09
-0.9002530159 82 1e-07 8.138487077e-08
-0.9012778427 78 1e-07 9.416408158e-08
-0.9026484924 48 0.0001 7.289016418e-05
0.9027949786 58 1e-05 9.364440356e-06
-0.9030533361 60 1e-05 9.982575458e-06
-0.9038091132 68 1e-06 3.442606718e-07
-0.9044554455 6 1 0.9346986468
0.9060392133 68 1e-06 9.555146261e-07
-0.9094678324 102 1e-09 6.142488539e-10
-0.9102517885 34 0.001 0.0006088594616
0.9126017986 92 1e-08 6.142707899e-09
-0.9131213331 26 0.01 0.007594278394
-0.9139701569 26 0.01 0.007420744739
-0.9149523941 36 0.001 0.0008010224648
0.9156808276 16 0.1 0.06278981452
0.9160355060 24 0.01 0.009406577098
0.9179733330 68 1e-06 9.907917897e-07
0.9179733330 36 0.001 0.0009689883384
0.9213169154 16 0.1 0.06421928042
0.9219850122 90 1e-08 8.782433051e-09
-0.9225590339 36 0.001 0.0007474031544
-0.9242540155 6 1 0.9295984113
0.9300866569 80 1e-07 3.64226315e-08
0.9313451386 68 1e-06 3.28488472e-07
-0.9326592880 48 0.0001 9.849736773e-05
-0.9343569686 16 0.1 0.05364876733
0.9370415177 34 0.001 0.0008552562179
0.9393720016 78 1e-07 9.978521914e-08
0.9423109087 80 1e-07 9.942845299e-08
-0.9423555642 70 1e-06 2.518400198e-07
0.9426119890 90 1e-08 5.262689124e-09
0.9433800223 26 0.01 0.008906751628
-0.9441451113 36 0.001 0.0009398999459
-0.9458618504 98 1e-09 9.898640973e-10
0.9502250888 16 0.1 0.07452623787
0.9538098784 92 1e-08 9.837577021e-09
0.9544541126 36 0.001 0.0009106890254
0.9589780023 6 1 0.8848321549
0.9595090674 48 0.0001 9.027039221e-05
0.9596204317 60 1e-05 8.766543877e-06
0.9610100547 80 1e-07 4.265310463e-08
0.9676739916 46 0.0001 8.421323877e-05
0.9680786455 6 1 0.8863750777
-0.9686960411 90 1e-08 9.569200702e-09
-0.9761857847 26 0.01 0.009259993809
0.9784549009 48 0.0001 6.036108316e-05
0.9826392264 16 0.1 0.09027860928
-0.9826979184 28 0.01 0.007042987102
0.9852162618 28 0.01 0.009403723636
-0.9880489909 28 0.01 0.008852535637
0.9885453699 56 1e-05 9.450131453e-06
-0.9907415629 102 1e-09 9.962530518e-10
0.9940008563 6 1 0.8909693373
0.9943294524 70 1e-06 6.585899465e-07
0.9953325298 92 1e-08 4.577996291e-09
1.0013897315 48 0.0001 9.845881448e-05
1.0023932271 44 0.0001 8.494049307e-05
1.0070174760 54 1e-05 8.232930194e-06
-1.0072951212 56 1e-05 8.264093635e-06
1.0073704801 70 1e-06 8.170302247e-07
1.0094865730 80 1e-07 7.921017703e-08
-1.0140160700 60 1e-05 9.635505969e-06
-1.0140523883 80 1e-07 4.896909633e-08
-1.0140830199 44 0.0001 7.875320425e-05
-1.0141887457 92 1e-08 8.161653547e-09
-1.0148683222 26 0.01 0.008099236526
1.0156722564 80 1e-07 9.522567807e-08
-1.0158627532 16 0.1 0.0643333232
1.0168875672 80 1e-07 9.79644835e-08
1.0172732186 78 1e-07 6.306933734e-08
-1.0182609700 36 0.001 0.000439086547
-1.0195489569 80 1e-07 9.82613257e-08
1.0205873674 16 0.1 0.084503374
-1.0206573094 80 1e-07 9.740415736e-08
1.0215541944 32 0.001 0.0008883384356
-1.0218697145 16 0.1 0.06318649945
1.0226910523 32 0.001 0.0009443709492
1.0226910523 6 1 0.8963931938
1.0249074086 24 0.01 0.009421947512
1.0263302367 26 0.01 0.009660705776
-1.0282719047 104 1e-09 5.823656187e-10
-1.0282719047 36 0.001 0.0008883971024
-1.0311664674 26 0.01 0.005826686346
1.0332884210 70 1e-06 3.507070359e-07
-1.0360162116 76 1e-07 9.98180845e-08
1.0373957306 58 1e-05 8.562757642e-06
-1.0409795582 70 1e-06 5.715392063e-07
1.0414198891 6 1 0.9001225695
-1.0432059480 80 1e-07 8.232295678e-08
-1.0461425019 26 0.01 0.007133408416
-1.0468625482 16 0.1 0.06140958561
-1.0473960170 26 0.01 0.006648210942
-1.0490270325 68 1e-06 9.724253849e-07
1.0501624182 16 0.1 0.06136001327
-1.0505682700 82 1e-07 9.773401573e-08
1.0511265702 6 1 0.9021131975
1.0517669656 90 1e-08 9.996981969e-09
1.0526154878 6 1 0.9024220041
1.0559202115 104 1e-09 8.813829607e-10
1.0565123824 50 0.0001 7.792337225e-05
1.0582599431 48 0.0001 7.086281996e-05
-1.0586559471 54 1e-05 8.932736491e-06
-1.0586559471 26 0.01 0.009839134866
1.0590022451 6 1 0.903757037
1.0590558741 44 0.0001 7.464782324e-05
-1.0596856257 90 1e-08 3.551253457e-09
1.0639391307 6 1 0.9048005165
1.0643606043 68 1e-06 3.198609294e-07
1.0649855246 82 1e-07 9.585363045e-08
-1.0674207007 82 1e-07 8.929048124e-08
1.0703004269 38 0.001 0.0008835759846
1.0712948015 92 1e-08 9.96754795e-09
1.0724683966 68 1e-06 9.574486174e-07
-1.0728710932 16 0.1 0.08433144893
1.0745168500 80 1e-07 4.17926162e-08
1.0752056807 16 0.1 0.06366578776
-1.0771687315 48 0.0001 9.316815284e-05
-1.0771901766 48 0.0001 9.95530821e-05
1.0773709961 6 1 0.9076900028
-1.0774393352 46 0.0001 9.917692287e-05
1.0774444677 46 0.0001 4.863732215e-05
1.0794075060 92 1e-08 7.852041936e-09
-1.0821108922 38 0.001 0.000657082059
-1.0826159133 46 0.0001 7.550172882e-05
-1.0896569986 16 0.1 0.08811841864
1.0897009727 26 0.01 0.008718430433
1.0906829113 70 1e-06 9.323607999e-07
-1.0927096932 6 1 0.8923874524
1.0950931656 80 1e-07 9.746809177e-08
1.0962404630 36 0.001 0.0007691894016
1.0965155981 102 1e-09 9.954903248e-10
1.0979276617 26 0.01 0.009646084106
1.0992136016 92 1e-08 9.270142661e-09
-1.0999654298 16 0.1 0.09671956556
-1.1004347838 66 1e-06 2.930109972e-07
1.1022000838 60 1e-05 4.845132766e-06
1.1048634104 6 1 0.9138314135
1.1049366485 80 1e-07 8.64207485e-08
-1.1060358890 92 1e-08 9.915060864e-09
-1.1100312028 28 0.01 0.008898864628
-1.1109699753 36 0.001 0.0003221101203
1.1127566474 68 1e-06 7.401298336e-07
1.1138082473 16 0.1 0.07566389695
1.1153622391 58 1e-05 3.771113664e-06
-1.1170799606 6 1 0.8879783769
1.1196519216 82 1e-07 6.169849216e-08
1.1198862093 6 1 0.9173141754
-1.1206201513 26 0.01 0.00877101461
-1.1253789721 82 1e-07 9.942398723e-08
1.1292589731 78 1e-07 9.477005177e-08
-1.1319621663 90 1e-08 9.221415612e-09
-1.1339103057 16 0.1 0.09760633037
1.1347093410 6 1 0.9208370337
1.1362273032 26 0.01 0.006734487561
1.1366507178 36 0.001 0.0009258371673
-1.1378002996 16 0.1 0.09543654551
1.1394125392 6 1 0.9219725354
-1.1395248355 82 1e-07 4.847398353e-08
-1.1469638229 92 1e-08 7.996509295e-09
1.1478306712 16 0.1 0.04858922375
1.1514291381 46 0.0001 7.84900448e-05
1.1516426081 92 1e-08 9.898439219e-09
1.1564173992 82 1e-07 9.69306135e-08
-1.1567112468 16 0.1 0.0853641003
-1.1576040686 16 0.1 0.08491099135
1.1600389938 102 1e-09 9.757103917e-10
-1.1647772150 80 1e-07 9.913934813e-08
1.1683671668 36 0.001 0.0007464275401
1.1704866873 60 1e-05 7.357731631e-06
1.1718461600 6 1 0.9300319481
1.1811215067 58 1e-05 6.212847971e-06
1.1884348238 82 1e-07 4.265047604e-08
1.1910023947 6 1 0.9349764852
1.1922083905 48 0.0001 3.504679206e-05
1.1942147523 6 1 0.9358188136
-1.1944915819 58 1e-05 9.292010016e-06
-1.1949114787 6 1 0.8756605911
-1.1977126137 16 0.1 0.06756476646
-1.1980085346 22 0.01 0.008541632099
1.2002536928 38 0.001 0.0008064712748
-1.2008362528 6 1 0.8748354804
1.2013241453 48 0.0001 4.929811371e-05
1.2016642289 90 1e-08 6.770463128e-09
1.2067434689 6 1 0.9391397417
1.2074132209 24 0.01 0.009998305132
1.2088724330 16 0.1 0.08022985062
1.2094149323 48 0.0001 8.074286464e-05
1.2120277453 16 0.1 0.08215041513
-1.2135900538 38 0.001 0.0007302498336
-1.2144688586 6 1 0.872998565
1.2163875057 70 1e-06 8.998067085e-07
-1.2171678983 6 1 0.8726451135
1.2193311396 24 0.01 0.0095637567
-1.2202422946 94 1e-08 9.883524174e-09
-1.2208845521 24 0.01 0.009995936138
-1.2217958081 36 0.001 0.000429958356
-1.2235462284 80 1e-07 5.867058516e-08
1.2242354304 36 0.001 0.000876876857
1.2243738616 46 0.0001 9.55157766e-05
-1.2262232948 70 1e-06 6.707062896e-07
-1.2282420452 58 1e-05 7.836904545e-06
-1.2285266263 102 1e-09 6.893149498e-10
-1.2298041420 16 0.1 0.06005061932
1.2319835460 92 1e-08 9.774031721e-09
1.2405140278 36 0.001 0.0008166233305
-1.2407126566 70 1e-06 4.229322625e-07
-1.2409550919 26 0.01 0.009772623529
1.2438512139 100 1e-09 9.607262035e-10
1.2462939143 36 0.001 0.0007673283259
-1.2482407197 70 1e-06 7.913907509e-07
1.2483732756 16 0.1 0.09386380128
-1.2504174476 46 0.0001 8.21796694e-05
-1.2525108436 80 1e-07 9.296365008e-08
1.2525934594 6 1 0.9517673967
1.2528283093 6 1 0.951833956
1.2531064131 92 1e-08 5.174555945e-09
1.2565528282 66 1e-06 6.293620083e-07
-1.2594172761 16 0.1 0.06028384133
-1.2612378872 6 1 0.8673571367
-1.2621393397 16 0.1 0.06066875656
-1.2622859968 66 1e-06 9.932206502e-07
1.2626387272 24 0.01 0.005178728505
-1.2626982496 78 1e-07 9.909464506e-08
-1.2634391280 6 1 0.8671170735
1.2654954788 100 1e-09 9.971832766e-10
1.2655016855 34 0.001 0.0009426735928
-1.2678154701 90 1e-08 9.111128454e-09
-1.2692662272 36 0.001 0.0009855450462
-1.2723079608 80 1e-07 3.909783029e-08
-1.2725375458 70 1e-06 3.977801374e-07
1.2729148070 16 0.1 0.09829892358
-1.2732046422 36 0.001 0.0007219456523
1.2739968939 68 1e-06 9.227537484e-07
-1.2742425663 92 1e-08 4.373895462e-09
-1.2748368795 38 0.001 0.0005344551179
-1.2749685092 58 1e-05 4.845998399e-06
1.2764539272 80 1e-07 9.939701684e-08
1.2775262862 36 0.001 0.0008999595074
-1.2778674212 36 0.001 0.0003802112049
-1.2808644283 72 1e-06 9.510056401e-07
1.2812828814 80 1e-07 7.62960825e-08
1.2823075209 58 1e-05 9.708259952e-06
-1.2829789836 36 0.001 0.0008567785326
1.2830822061 16 0.1 0.0984694242
1.2851961109 68 1e-06 6.757926148e-07
1.2855927174 6 1 0.9613021174
1.2856363440 24 0.01 0.006516369599
-1.2861137728 46 0.0001 9.94904921e-05
-1.2873889948 24 0.01 0.007432083172
1.2908922533 16 0.1 0.09895474218
1.2933803305 26 0.01 0.008004358792
1.2938245161 16 0.1 0.09921556083
-1.2964109224 68 1e-06 9.89054816e-07
1.2971739060 94 1e-08 9.491150424e-09
1.2976161403 16 0.1 0.09961565952
1.2980863567 6 1 0.9650062384
1.3013525176 44 0.0001 8.068062198e-05
-1.3019432491 70 1e-06 8.364258898e-07
1.3022632304 92 1e-08 8.47247241e-09
1.3026863512 48 0.0001 7.856536528e-05
-1.3030090069 46 0.0001 9.788742139e-05
-1.3036744125 60 1e-05 9.424850345e-06
-1.3059010911 68 1e-06 7.440010088e-07
1.3060077681 90 1e-08 9.882984811e-09
-1.3060833299 46 0.0001 8.683399479e-05
1.3080651509 80 1e-07 8.94715644e-08
1.3088446552 6 1 0.9682364605
-1.3091116463 112 1e-10 9.934900071e-11
1.3092313261 6 1 0.9683532529
1.3107071491 6 1 0.9687994594
1.3121862587 6 1 0.9692473581
1.3122007723 94 1e-08 9.278284423e-09
-1.3122941505 82 1e-07 5.868560749e-08
1.3168667819 34 0.001 0.0009684980665
1.3187138199 34 0.001 0.0009537693979
-1.3212439448 68 1e-06 4.792854545e-07
1.3231744783 6 1 0.9725965445
1.3255650475 46 0.0001 6.155236149e-05
1.3269315775 36 0.001 0.0009806588894
1.3292182717 68 1e-06 8.801148206e-07
-1.3369637761 68 1e-06 9.674057928e-07
-1.3396672844 26 0.01 0.007847292765
1.3408900078 56 1e-05 7.246057323e-06
1.3432633400 60 1e-05 6.140795048e-06
-1.3466711318 48 0.0001 6.59111455e-05
1.3491228581 70 1e-06 9.188347156e-07
1.3498190632 58 1e-05 6.706847867e-06
1.3501940149 56 1e-05 7.838777866e-06
-1.3506688377 14 0.1 0.0953668693
-1.3539077879 26 0.01 0.009988900504
1.3561798482 92 1e-08 7.87467398e-09
-1.3565567187 82 1e-07 9.520218926e-08
1.3576533156 94 1e-08 4.171610313e-09
1.3582091865 58 1e-05 8.762787545e-06
1.3589268095 80 1e-07 7.645304384e-08
-1.3601746586 78 1e-07 9.9912323e-08
-1.3621880274 14 0.1 0.08925939913
1.3646687940 26 0.01 0.006970390897
-1.3647812613 90 1e-08 9.835136203e-09
-1.3663097005 80 1e-07 9.75107247e-08
1.3669721468 6 1 0.9863189314
1.3685949177 48 0.0001 3.08903839e-05
1.3691301738 102 1e-09 9.910922534e-10
-1.3706284148 68 1e-06 2.804147252e-07
1.3725388887 26 0.01 0.009339969051
-1.3735469615 70 1e-06 9.005221872e-07
-1.3743041031 26 0.01 0.007863387172
-1.3779508673 26 0.01 0.00873236414
1.3790365354 14 0.1 0.08097270575
-1.3799141829 58 1e-05 3.591429043e-06
1.3829577844 46 0.0001 7.614473506e-05
1.3834853735 14 0.1 0.07893927518
1.3838391651 70 1e-06 7.615338864e-07
1.3860730117 6 1 0.9924847073
1.3865560733 82 1e-07 6.974293151e-08
1.3905640611 14 0.1 0.07586024363
1.3927813964 14 0.1 0.07493845137
-1.3961578055 60 1e-05 7.473918119e-06
-1.3975823987 26 0.01 0.00671316606
1.3994415125 6 1 0.9968635029
-1.4013692506 70 1e-06 7.931550686e-07
-1.4021379820 70 1e-06 6.588425031e-07
-1.4037882804 56 1e-05 4.532373273e-06
-1.4072594380 46 0.0001 7.307752526e-05
1.4084045378 36 0.001 0.0008126713012
1.4089618153 26 0.01 0.009427781308
-1.4144883352 14 0.1 0.06718928171
1.4152482324 46 0.0001 9.584348828e-05
-1.4154965617 102 1e-09 4.760804594e-10
-1.4183923109 70 1e-06 9.099968929e-07
1.4197453920 92 1e-08 8.448833222e-09
1.4230367657 6 1 0.715038786
1.4246970489 6 1 0.714302738
-1.4294144923 76 1e-07 9.588627013e-08
1.4312951713 88 1e-08 9.796237053e-09
-1.4325697287 48 0.0001 7.091990125e-05
-1.4339945048 68 1e-06 6.876167201e-07
1.4345668008 28 0.01 0.009727770815
-1.4354366319 38 0.001 0.0009214956009
-1.4355916557 60 1e-05 9.114647974e-06
1.4379302623 38 0.001 0.0006377542963
1.4379302623 26 0.01 0.008945494491
-1.4389539163 36 0.001 0.0008343233341
1.4396687079 80 1e-07 9.778532478e-08
-1.4401237713 46 0.0001 6.776350964e-05
-1.4422349132 68 1e-06 9.869685217e-07
-1.4432006878 68 1e-06 9.467219097e-07
1.4446158007 68 1e-06 9.94874713e-07
-1.4452435582 102 1e-09 9.890296337e-10
-1.4463901622 80 1e-07 8.479761413e-08
1.4464329388 92 1e-08 7.552551311e-09
1.4478077192 68 1e-06 7.949347113e-07
-1.4559124473 60 1e-05 9.065329382e-06
1.4571346958 36 0.001 0.0009150047099
1.4590271728 36 0.001 0.0003508886509
1.4601645986 92 1e-08 6.024100645e-09
1.4602348986 24 0.01 0.009192417541
1.4618067202 24 0.01 0.009493948711
-1.4623667153 24 0.01 0.009630128375
1.4626884454 6 1 0.9108196486
1.4640954741 58 1e-05 9.487464767e-06
-1.4674419808 6 1 0.9929351462
1.4675061678 24 0.01 0.0092948197
1.4679571184 58 1e-05 6.068179381e-06
-1.4702746916 58 1e-05 9.545815696e-06
-1.4759639978 6 1 0.9901674853
-1.4771891245 26 0.01 0.00436426328
1.4843085667 92 1e-08 5.777748261e-09
-1.4849564454 92 1e-08 2.937269266e-09
1.4850942876 56 1e-05 9.485519193e-06
1.4856239772 26 0.01 0.009403197676
-1.4862531689 14 0.1 0.06500149098
-1.4864023584 58 1e-05 8.263488084e-06
-1.4881855467 56 1e-05 7.664063608e-06
-1.4893704728 56 1e-05 9.842674046e-06
1.4929535116 6 1 0.9042383417
1.4952807007 38 0.001 0.0009947454439
-1.4967134856 80 1e-07 7.681208435e-08
1.4973554012 44 0.0001 8.570800195e-05
-1.4973744176 44 0.0001 8.413506306e-05
-1.4976771813 92 1e-08 8.257269071e-09
1.4982639297 94 1e-08 3.667348631e-09
1.5002785384 94 1e-08 2.928893254e-09
-1.5006309576 80 1e-07 3.784122432e-08
-1.5018229144 26 0.01 0.008590248312
1.5020908507 46 0.0001 7.072766447e-05
-1.5052983100 6 1 0.9808054753
-1.5059548337 38 0.001 0.0009141711058
1.5120792302 58 1e-05 2.858382431e-06
1.5128661457 34 0.001 0.0009593247932
1.5128789207 70 1e-06 6.98992472e-07
1.5149110869 58 1e-05 7.048650843e-06
1.5171657285 6 1 0.8992438701
1.5174850261 68 1e-06 8.658421126e-07
1.5183138327 58 1e-05 3.884475732e-06
-1.5190290194 88 1e-08 9.858490364e-09
1.5194293200 14 0.1 0.07636269419
-1.5208582679 6 1 0.9759454934
1.5240196398 88 1e-08 9.639078864e-09
-1.5257239262 14 0.1 0.07912081027
1.5265412127 24 0.01 0.008497095029
-1.5279387095 24 0.01 0.009194762586
1.5328374809 102 1e-09 9.941532438e-10
1.5359860136 102 1e-09 9.727686157e-10
-1.5388581884 34 0.001 0.0007736495763
1.5391709078 6 1 0.8949176868
1.5392144819 6 1 0.8949093239
-1.5437944954 60 1e-05 9.997559324e-06
-1.5438973103 14 0.1 0.0878652174
1.5455540901 70 1e-06 9.168845215e-07
1.5468955429 48 0.0001 8.485226469e-05
-1.5479892542 110 1e-10 5.020944062e-11
1.5500650164 68 1e-06 9.790621555e-07
-1.5504422909 60 1e-05 6.737017817e-06
1.5507564406 36 0.001 0.0005076202529
-1.5553201527 92 1e-08 9.988304522e-09
-1.5558458704 102 1e-09 9.998233636e-10
1.5564374914 44 0.0001 8.141683146e-05
-1.5585460904 22 0.01 0.008843917316
1.5620011049 92 1e-08 6.360393845e-09
-1.5657144410 68 1e-06 7.80341252e-07
-1.5680386666 60 1e-05 9.54835881e-06
